FormatVersion: 1
Title: siqlo - Vantablack
Artist: Unknown
Mapper: Intralism
Version: Converted
Audio: music.ogg

TimingPoints:
0,120

SpeedVariations:

Arcs:
6756,0010
6963,0100
7170,0001
7273,1000
7377,0010
7584,0100
7791,1000
7894,0001
8101,0010
8204,0100
8411,1000
8515,0010
8618,0001
8722,0100
8825,1000
8929,0010
9136,0001
9239,0010
9342,0001
9446,0100
9549,1000
9653,0010
9860,1000
10067,0001
10273,0010
10480,0100
10584,0001
10687,1000
10894,0010
11101,0100
11204,0001
11411,1000
11515,0010
11722,0101
13377,0001
13584,0100
13791,1000
13998,0001
14204,0001
14411,0010
14515,0100
14722,0001
14825,1000
15032,0001
15136,0010
15239,1000
15342,0001
15446,0100
15549,1000
15756,0100
15860,0010
15963,0001
16067,0100
16170,1000
16273,0001
16480,0010
16687,0100
16894,0001
17101,1000
17308,0010
17515,0001
17722,0010
17825,0100
18032,0001
18136,0100
18342,0010
18446,0001
18549,0010
18653,1000
18756,0010
18860,0100
19067,0010
19377,0010
19584,0100
19687,1000
19791,0001
19894,0010
19998,0100
20204,0001
20411,0010
20618,0100
20825,1000
21032,0001
21136,0010
21342,0100
21446,1000
21653,0010
21860,1000
22067,0001
22273,0100
22480,1000
22687,0001
22791,0010
22998,0100
23101,1000
23308,0011
23722,1100
24136,0011
24342,1000
24549,1100
24653,0001
24756,0010
24860,0100
24963,1001
25377,1100
25791,0011
26204,1001
26618,0001
26825,0100
27032,0001
27239,1000
27446,0001
27653,0010
27860,0100
28067,1000
28273,0001
28480,0010
28687,0001
28894,1000
29101,0001
29308,0100
29515,1000
29567,0001
29618,0010
29670,0100
29929,0001
30136,0010
30342,0001
30549,1000
30756,0001
30963,0010
31170,1000
31584,0101
31791,1000
31998,0010
32204,1000
32411,0001
33239,1100
33446,1100
33653,0011
33860,0011
34067,1010
34273,1010
34480,1100
34687,1100
34894,0101
35101,0101
35308,1001
35515,1001
35722,0110
35929,0110
36136,1010
36549,0100
36653,1000
36756,0001
36860,0100
36963,1000
37067,0010
37170,1000
37273,0001
37377,0100
37480,1000
37584,0001
37687,0100
37791,1000
37894,0010
37998,0100
38101,0001
38204,1000
38308,0001
38411,0100
38515,0010
38618,0001
38722,1000
38825,0100
38929,0010
39032,1000
39446,0010
39860,0101
40067,1000
40273,0001
40377,0100
40584,0010
40687,0001
40791,0100
40894,0010
40998,1000
41101,0101
41308,0010
41515,0100
41722,0001
41825,0010
41929,1000
42032,0001
42136,0100
42239,0010
42342,0001
42446,1000
42653,0010
42756,0100
42963,0001
43170,0100
43377,0010
43584,0001
43791,0010
43894,1000
43998,0001
44101,0100
44308,0010
44411,1000
44618,0001
44825,0100
44929,1000
45032,0001
45239,0010
45342,1000
45549,0001
45860,1000
46067,0100
46170,1000
46273,0001
46377,0010
46894,0100
46998,0001
47204,1000
47308,0001
47411,0010
47618,0100
47722,1000
47929,0010
48136,0100
48342,0010
48446,1000
48549,0001
48653,0100
48756,0010
48963,1000
49067,0010
49170,0100
49273,0001
49377,1000
49584,0010
49791,0001
49894,0100
49998,0010
50101,1000
50204,0001
50308,0100
50411,1000
50515,0100
50618,0010
50722,1000
50825,0001
50929,0100
51032,0010
51136,1000
51239,0001
51342,0010
51446,1100
51860,1100
52273,0001
52480,1000
52687,0010
52894,0100
53101,1000
53308,0010
53515,0100
53618,0001
53825,0010
54032,0010
54239,0100
54342,0001
54549,1000
54756,0001
54860,0100
54963,0010
55067,1000
55170,0001
55273,0100
55480,0010
55584,1000
55687,0001
55791,0010
55894,0100
55998,1000
56204,0010
56411,0100
56618,0010
56825,1000
56929,0001
57136,0010
57342,0010
57549,0001
57653,0100
57860,1000
58067,0100
58170,0001
58273,1000
58480,0010
58584,1000
58791,0001
59101,0100
59308,0001
59411,1000
59515,0010
59618,0100
60136,1000
60239,0001
60446,0100
60653,0010
60860,0100
60963,0001
61170,0010
61377,1000
61480,0001
61584,0100
61687,1000
61791,0010
61894,0100
62101,1000
62618,0100
62825,0010
63032,0001
63239,0100
63446,1000
63549,0001
63756,0100
63860,0001
63963,0010
64170,0100
64272,0001
64376,1000
64480,0010
64687,0100
64894,0010
65101,0001
65308,0010
65515,0100
65722,0001
65929,1000
66136,0010
66342,0100
66446,1000
66549,0001
66653,0010
66756,0100
67170,1000
67377,0001
67584,0100
67791,0010
67998,1000
68136,0001
68308,0100
68411,0010
68515,1000
68618,0010
68722,0100
68825,0001
69032,0010
69239,0001
69446,1000
69860,0100
70067,0001
70273,1000
70480,0010
70687,0100
70894,1000
71101,0001
71515,0001
71618,1000
71722,0010
71929,0100
72032,1000
72136,0001
72342,0100
72549,1000
72756,0010
73170,0001
73273,1000
73377,0010
73687,0100
73894,0001
74204,1000
74618,0010
74722,0100
74825,1000
74929,0001
75136,0010
75239,0100
75342,1000
75446,0001
75549,0100
75653,0010
75860,0100
76067,1000
76273,0001
76480,0100
76584,1000
76687,0100
77101,0010
77308,0100
77515,1000
77929,0001
78136,0100
78342,0001
78549,1000
78756,0100
78963,0010
79170,0100
79377,0010
79584,0100
79687,0001
79791,1000
79894,0010
79998,0100
80411,0001
80618,1000
80825,0010
81032,0100
81239,1000
81342,0010
81549,0100
81653,0001
81756,0010
81860,1000
81963,0001
82067,0100
82273,1000
82480,0010
82687,0100
83101,0010
83308,1000
83515,0001
83722,0100
83929,1000
84136,0010
84342,1000
84704,0100
84808,1000
84963,0001
85170,0010
85273,1000
85377,0001
85584,0100
85791,0010
85998,1000
86204,0010
86411,0100
86515,0001
86618,1000
87032,0010
87239,0100
87446,1000
87860,0001
87963,0100
88067,0010
88170,1000
88377,0100
88480,0001
88584,0010
88687,1000
88791,0001
88894,0100
89101,0010
89308,1000
89515,0001
89722,0100
89825,0010
89929,1000
90342,0100
90549,0100
90756,1000
91170,0001
91377,0100
91584,1000
91791,0100
91998,0001
92204,1000
92411,0010
92825,0100
93032,0001
93239,0100
93342,0010
93549,0100
93653,0001
93756,1000
93860,0010
94067,0100
94273,1000
94377,0100
94480,0001
94687,0010
94894,0100
94998,1000
95204,0001
95308,1000
95411,0100
95515,0010
95722,0001
95929,0100
96032,1000
96136,0001
96342,0010
96549,1000
96653,0100
96860,0001
96963,1000
97067,0010
97170,0100
97377,1000
97584,0100
97687,0001
97791,0010
97998,1000
98204,0001
98308,0100
98515,1000
98618,0001
98722,0010
98825,0100
99032,1000
99239,0010
99342,0100
99446,0011
99653,1000
99860,0101
99963,0010
100170,1000
100273,0001
100377,0010
100480,0100
100687,1000
100894,0010
100998,0100
101101,0001
101308,1000
101515,0010
101618,0100
101825,1000
101929,0001
102032,0100
102136,0010
102342,1000
102549,0001
102653,0100
102756,0011
102963,1100
103170,1010
103377,0110
103584,0101
103791,1001
103998,1100
104204,0101
104411,1001
104515,0100
104618,0010
104722,1000
104825,0010
104929,0001
105032,0100
105136,1000
105239,0010
105653,0001
106067,1000
106273,0100
106480,0001
106584,1000
106791,0010
106894,0100
106998,0001
107101,1000
107308,1000
107515,0100
107618,0001
107722,0010
107929,1000
108136,0001
108239,0010
108446,0100
108549,0001
108653,1000
108756,0010
108963,0010
109170,1000
109273,0100
109377,0001
109584,0010
109791,1100
109894,0001
110101,0010
110204,0100
110308,1000
110411,0001
110618,0001
110825,1000
110929,0010
111032,0100
111239,1000
111446,0001
111549,0010
111756,0010
111860,0100
111963,1000
112067,0001
112170,0100
112273,0010
112377,1000
112480,0001
112584,0100
112687,0010
112894,0100
113101,0001
113204,0100
113411,1000
113515,0001
113618,0010
113722,1000
113929,1000
114136,0100
114239,0001
114342,0010
114549,1000
114756,0001
114860,0100
115067,1000
115170,0001
115273,0010
115377,0100
115584,1000
115791,0010
115894,0100
115998,1000
116204,0010
116411,1000
116515,0100
116722,0010
116825,0001
116929,0100
117032,1000
117239,0010
117446,0100
117549,0001
117653,1010
118067,0101
118480,1010
118894,0101
119308,0100
119411,0010
119515,1000
119618,0001
119722,0100
119825,0010
119929,1000
120032,0100
120136,0001
120239,1000
120342,0100
120446,0010
120653,0001
120756,0100
120963,1000
121067,0010
121170,0100
121273,0001
121377,0010
121480,0100
121687,0010
121791,1000
121894,0001
121998,0100
122101,1000
122204,0010
122411,1000
122618,0101
122825,1000
123032,0010
123239,1000
123446,0001
123653,0010
123756,0100
123963,0100
124067,0010
124273,1000
124377,0001
124480,1000
124584,0100
124687,1000
124791,0010
124998,1000
125308,0010
125515,0100
125618,0001
125722,1000
125825,0010
125929,0100
126136,0010
126342,0010
126549,0001
126756,1000
126963,0010
127067,0001
127273,0001
127377,0100
127584,1000
127687,0010
127791,1000
127894,0001
127998,0010
128101,0100
128308,0010
128411,1000
128514,0001
128618,0100
128722,1000
128824,0010
129032,0001
129239,0100
129446,0010
129652,0010
129860,0001
130067,1000
130273,0100
130377,0010
130584,0010
130687,0100
130894,0001
130997,0010
131101,0001
131204,1000
131308,0010
131411,0100
131567,0001
131929,1000
132136,0010
132239,0001
132342,0100
132446,1000
132549,0001
132756,0010
132963,0010
133170,0100
133377,1000
133584,0001
133687,0100
133894,1000
133998,0010
134204,0100
134308,0001
134411,0010
134515,1000
134618,0001
134722,0100
134929,0001
135032,0100
135136,1000
135239,0010
135342,0100
135446,0001
135653,0010
135860,1000
136067,0100
136273,0100
136480,1000
136687,0010
136894,0100
136998,0001
137204,0001
137308,0100
137515,1000
137618,0010
137722,1000
137825,0100
137929,0001
138032,0010
138239,1000
138549,0010
138756,0001
138860,0100
138963,1000
139067,0010
139170,0100
139377,0010
139584,0010
139791,1000
139998,0001
140204,0100
140308,0010
140515,1000
140618,0010
140825,0100
140929,0010
141032,1000
141136,0001
141239,0010
141342,0100
141549,1000
141653,0100
141756,0001
141860,1000
141963,0010
142067,0100
142273,0001
142480,1000
142687,0100
142894,0100
143101,0010
143308,0001
143515,1000
143618,0100
143825,0010
143929,0001
144136,1000
144239,0100
144342,0001
144446,0100
144549,1000
144653,0010
144860,0001
145170,1000
145377,0001
145480,0100
145584,1000
145687,0010
145791,0101
